0 0.5728725961538461 0.48551282051282046 0.20503605769230765 0.31503205128205136
0 0.6361538461538461 0.8450641025641027 0.17587740384615383 0.2684615384615384
0 0.36796874999999996 0.8963621794871796 0.1994350961538462 0.20725961538461535
1 0.1736298076923077 0.6479166666666667 0.2061538461538462 0.18400641025641035
1 0.3771995192307692 0.6680288461538462 0.17961538461538457 0.16370192307692305
1 0.11564903846153846 0.8641025641025641 0.2312980769230769 0.16767628205128213
1 0.10167067307692308 0.2564423076923077 0.19211538461538458 0.27841346153846147
1 0.09806490384615385 0.05716346153846154 0.19290865384615385 0.11431089743589745
1 0.6590024038461538 0.17064102564102565 0.13552884615384614 0.2123717948717949
1 0.7448918269230769 0.4062179487179487 0.10302884615384619 0.2530769230769231
1 0.8425240384615384 0.18307692307692305 0.1620793269230768 0.19722756410256406
1 0.8780528846153846 0.5625641025641026 0.12094951923076937 0.38910256410256416
1 0.7928485576923077 0.6927564102564102 0.22296875 0.36733974358974364
1 0.9101201923076924 0.8072596153846154 0.17975961538461532 0.3854807692307692
1 0.9415024038461539 0.3310737179487179 0.11698317307692299 0.19682692307692307
0 0.5494831730769231 0.26929487179487177 0.09816105769230764 0.1319070512820513
1 0.3453966346153846 0.07407051282051282 0.13239182692307688 0.14814102564102563
1 0.2503125 0.09455128205128205 0.10479567307692307 0.1891025641025641
0 0.38574519230769233 0.22174679487179488 0.18870192307692307 0.16145833333333334