2 0.313025 0.12844086021505377 0.26920000000000005 0.17556451612903226
2 0.7211750000000001 0.43510752688172044 0.26452499999999995 0.15532258064516122
2 0.6523 0.22997311827956987 0.15082500000000004 0.2845430107526882
2 0.52695 0.5505645161290322 0.15612499999999996 0.12266129032258064
2 0.535075 0.4268548387096774 0.17737499999999998 0.1953225806451613
2 0.7170000000000001 0.8401612903225807 0.14897500000000008 0.20454301075268827
2 0.699175 0.598494623655914 0.1446000000000001 0.13112903225806444
2 0.1625 0.9475806451612904 0.1 0.10483870967741936
2 0.11964999999999999 0.8576344086021506 0.23929999999999998 0.185725806451613
2 0.33975 0.28389784946236557 0.15075000000000002 0.08325268817204301
2 0.60665 0.7808333333333334 0.11267499999999998 0.16314516129032272
1 0.46395000000000003 0.9537903225806452 0.11959999999999994 0.09239247311827958
1 0.563675 0.9689247311827957 0.06107500000000002 0.062150537634408615
1 0.52475 0.8892204301075269 0.07390000000000001 0.06741935483870978
1 0.7679250000000001 0.9773118279569892 0.11022500000000007 0.04534946236559141
1 0.150375 0.6443279569892473 0.30075 0.27118279569892473
1 0.15205 0.377983870967742 0.18489999999999998 0.10008064516129034
1 0.047525000000000005 0.265241935483871 0.07834999999999999 0.14002688172043012
1 0.016 0.1556720430107527 0.032 0.17626344086021503
1 0.04375 0.041666666666666664 0.0875 0.08333333333333333
1 0.3507 0.4296236559139785 0.15075000000000002 0.1529301075268817