2 0.7612328767123288 0.3278913738019169 0.28479452054794524 0.2589456869009585
1 0.6050228310502284 0.17319488817891374 0.15742009132420096 0.24884984025559106
1 0.46321917808219176 0.1689776357827476 0.09972602739726029 0.3009904153354633
1 0.36589041095890407 0.28079872204472844 0.07089041095890414 0.14124600638977639
1 0.4908675799086758 0.48428115015974443 0.11175799086757988 0.2858466453674121
2 0.6512785388127854 0.4380511182108627 0.20187214611872142 0.21690095846645363
2 0.5743835616438356 0.7247284345047923 0.16102739726027404 0.1984345047923322
2 0.4187671232876712 0.9063258785942492 0.14299086757990867 0.1715015974440893
2 0.8255251141552511 0.9273482428115015 0.29801369863013694 0.1294888178913737
2 0.6320547945205479 0.8819488817891374 0.12737442922374428 0.13619808306709263
1 0.47885844748858447 0.6650479233226837 0.10454337899543384 0.14964856230031942
1 0.3785159817351598 0.4909904153354633 0.0793150684931507 0.21523961661341853
1 0.383310502283105 0.7617252396166134 0.10575342465753423 0.08744408945686902
1 0.11956621004566209 0.7163258785942492 0.17904109589041095 0.22869009584664532
1 0.13278538812785387 0.5624600638977636 0.1934703196347032 0.12274760383386586
1 0.09913242009132421 0.9237380191693291 0.1526027397260274 0.15252396166134188
2 0.24093607305936074 0.12696485623003195 0.2150913242009132 0.10594249201277954