2 0.4627070457354759 0.43462 0.11326328800988875 0.20276
2 0.7099876390605686 0.27306 0.17986402966625462 0.25984
2 0.5245859085290482 0.14290000000000003 0.12174289245982696 0.28236
2 0.5845364647713226 0.15202000000000002 0.07443757725587148 0.19083999999999998
2 0.3451050679851669 0.26762 0.08710754017305318 0.12896000000000005
2 0.21002472187886279 0.3202 0.09124845488257106 0.15412
2 0.18662546353522866 0.5149400000000001 0.06741656365883808 0.15788000000000005
2 0.22689740420271942 0.62736 0.0710259579728059 0.23155999999999993
2 0.5272435105067985 0.95214 0.10250927070457348 0.08370000000000005
2 0.880185414091471 0.7894 0.16194066749072927 0.18968000000000007
2 0.7896168108776267 0.78124 0.09025957972805931 0.14379999999999996
2 0.6218788627935723 0.40948 0.1180593325092707 0.15018000000000006
1 0.6726328800988874 0.91872 0.14060568603213844 0.16255999999999995
1 0.8553770086526576 0.919 0.1681087762669963 0.162
1 0.8254635352286773 0.66206 0.11703337453646485 0.12648
1 0.70389369592089 0.61248 0.10412855377008653 0.1485
1 0.7142274412855376 0.47774 0.14173053152039566 0.14653999999999998
1 0.9027070457354759 0.5116 0.17341161928306548 0.17309999999999998
1 0.8962051915945611 0.23624 0.14451174289245994 0.37476
1 0.6896291718170581 0.04514 0.2121260815822002 0.09028
1 0.5589616810877627 0.68598 0.11322620519159458 0.1086199999999999
1 0.5295550061804698 0.60312 0.076946847960445 0.20568000000000006
1 0.37909765142150803 0.8385199999999999 0.11650185414091471 0.2254000000000001
1 0.3966254635352287 0.56484 0.08934487021013594 0.2780599999999999
1 0.1931396786155748 0.09638 0.08613102595797281 0.17886000000000002
1 0.060234857849196535 0.11835999999999999 0.12045735475896169 0.23671999999999999
2 0.30280593325092703 0.5466599999999999 0.07924598269468477 0.21258
2 0.23190358467243513 0.8232200000000001 0.09702101359703338 0.1688399999999999
1 0.275389369592089 0.6884600000000001 0.0510877626699629 0.26016000000000006
1 0.5868603213844252 0.7804800000000001 0.045043263288009956 0.05429999999999995
1 0.5295550061804698 0.8423200000000001 0.0470828182941904 0.08392000000000008
1 0.27168108776266997 0.13568 0.07064276885043261 0.10030000000000001
1 0.31852904820766376 0.41954 0.1376761433868974 0.15836
1 0.947540173053152 0.65592 0.07412855377008656 0.21253999999999995