0 0.4294 0.7549333333333333 0.17827999999999997 0.3361599999999999
0 0.4218 0.5259466666666667 0.20839999999999997 0.15416000000000002
0 0.32818 0.33285333333333333 0.12251999999999998 0.23455999999999994
0 0.13390000000000002 0.31826666666666664 0.17394 0.18549333333333334
0 0.114 0.13466666666666666 0.228 0.2693333333333333
0 0.33352 0.10493333333333334 0.20786000000000002 0.20986666666666667
0 0.7458400000000001 0.75744 0.13646000000000003 0.22450666666666658
0 0.84158 0.8506133333333333 0.10927999999999997 0.20882666666666652
0 0.89946 0.7130133333333333 0.20105999999999993 0.17733333333333334
0 0.9275800000000001 0.45802666666666664 0.12929999999999994 0.21175999999999992
1 0.22590000000000002 0.7009333333333334 0.09540000000000004 0.13890666666666676
0 0.11628 0.7404 0.15996 0.18232
0 0.18084 0.8861600000000001 0.05448000000000002 0.1803733333333333
0 0.27832 0.8861866666666667 0.09210000000000003 0.1325600000000001
0 0.5782200000000001 0.6178933333333334 0.10255999999999994 0.25376000000000004
0 0.5694 0.7368266666666666 0.1124000000000001 0.19464000000000004
0 0.48488 0.37234666666666666 0.15053999999999995 0.15021333333333328
0 0.633 0.47384 0.13718000000000005 0.16944000000000006
0 0.75264 0.3780266666666666 0.12074000000000001 0.10866666666666666
0 0.6510199999999999 0.35775999999999997 0.0935 0.11391999999999997
0 0.55474 0.26176 0.07696000000000004 0.12101333333333332
0 0.60302 0.09727999999999999 0.1361600000000001 0.17594666666666667
0 0.9018400000000001 0.12055999999999999 0.13381999999999994 0.23959999999999998
0 0.67622 0.5967466666666668 0.15744000000000005 0.27898666666666677
0 0.7777000000000001 0.26653333333333334 0.1068599999999999 0.13608
0 0.41178 0.26264 0.059620000000000006 0.13346666666666662